0 0.150999 0.391375 0.011527 0.011250
0 0.205558 0.442125 0.006404 0.006250
0 0.207351 0.433875 0.011527 0.011250
0 0.214908 0.439500 0.010758 0.013000
0 0.235528 0.452125 0.014088 0.013750
0 0.270620 0.465625 0.014088 0.013750
0 0.297643 0.475250 0.015369 0.015000
0 0.235015 0.543375 0.014088 0.013750
0 0.235015 0.569625 0.014088 0.013750
0 0.396004 0.676250 0.015369 0.015000
0 0.455174 0.684250 0.015369 0.015000
0 0.458632 0.627375 0.014088 0.013750
0 0.443263 0.611375 0.014088 0.013750
0 0.413038 0.620625 0.014088 0.013750
0 0.440446 0.592375 0.014088 0.013750
0 0.481173 0.600875 0.014088 0.013750
0 0.496158 0.605500 0.012807 0.012500
0 0.482454 0.637875 0.012039 0.010250
0 0.484887 0.643750 0.012295 0.009500
0 0.503586 0.639000 0.012807 0.012500
0 0.512295 0.626000 0.012807 0.012500
0 0.519339 0.607875 0.011527 0.011250
0 0.517546 0.590875 0.014088 0.013750
0 0.537269 0.568125 0.014088 0.013750
0 0.563140 0.586625 0.014088 0.013750
0 0.480149 0.539625 0.014088 0.013750
0 0.527792 0.507625 0.014088 0.013750
0 0.577228 0.531375 0.014088 0.013750
0 0.441342 0.518250 0.012807 0.012500
0 0.435707 0.503000 0.012807 0.012500
0 0.403048 0.486375 0.014088 0.013750
0 0.445441 0.451250 0.012807 0.012500
0 0.494749 0.688375 0.014088 0.013750
0 0.533043 0.723500 0.015369 0.015000
0 0.493596 0.662875 0.010758 0.013750
0 0.501665 0.665000 0.011527 0.013500
0 0.533171 0.622000 0.009477 0.012500
0 0.539575 0.623625 0.011527 0.011250
0 0.525102 0.633000 0.012807 0.012500
0 0.537910 0.634250 0.012807 0.012500
0 0.545210 0.643375 0.014088 0.013750
0 0.577357 0.658250 0.015369 0.015000
0 0.584785 0.644500 0.015369 0.015000
0 0.688268 0.846000 0.015369 0.015000
0 0.747054 0.707875 0.012039 0.013750
0 0.757556 0.707250 0.011527 0.014000
0 0.627049 0.498000 0.015369 0.015000
0 0.653817 0.465375 0.014088 0.013750
0 0.697106 0.463625 0.006404 0.006250
0 0.691598 0.467000 0.012807 0.012500
0 0.697106 0.482375 0.011527 0.011250
0 0.634349 0.443375 0.014088 0.013750
0 0.688909 0.445375 0.014088 0.013750
0 0.681481 0.421625 0.014088 0.013750
0 0.673156 0.409250 0.012807 0.012500
0 0.711450 0.395625 0.014088 0.013750
0 0.655482 0.426625 0.010758 0.012250
0 0.646516 0.429000 0.012807 0.012500
0 0.629226 0.384625 0.014088 0.013750
0 0.603868 0.357375 0.014088 0.013750
0 0.604508 0.327000 0.012807 0.012500
0 0.505251 0.388625 0.014088 0.013750
0 0.542008 0.311500 0.012807 0.012500
0 0.521516 0.300750 0.012807 0.012500
0 0.507556 0.301625 0.011527 0.011250
0 0.486296 0.296125 0.014088 0.013750
0 0.496030 0.307375 0.011527 0.011250
0 0.483863 0.315250 0.012807 0.012500
0 0.452100 0.316000 0.012807 0.012500
0 0.443904 0.322500 0.012807 0.012500
0 0.424693 0.314750 0.012807 0.012500
0 0.323770 0.192250 0.012807 0.012500
0 0.310323 0.193125 0.011527 0.011250
0 0.349769 0.855625 0.014088 0.013750
0 0.365138 0.876125 0.011527 0.008250